Vertices in local space: 
(X : Y : Z : X normal : Y normal : Z normal) 
1.000000 ; 3.000000 ; 0.000000 ; 0.000000 ; 0.000000 ; -1.000000 
3.639999 ; 2.980000 ; 0.000000 ; 0.000000 ; 0.000000 ; -1.000000 
0.640000 ; 0.560000 ; 0.000000 ; 0.000000 ; 0.000000 ; -1.000000 
3.639999 ; 0.720000 ; 0.000000 ; 0.000000 ; 0.000000 ; -1.000000 
0.640000 ; 0.560000 ; 0.000000 ; 0.000000 ; 0.000000 ; -1.000000 
3.639999 ; 2.980000 ; 0.000000 ; 0.000000 ; 0.000000 ; -1.000000 

Indices: 
0 ; 1 ; 2 
3 ; 4 ; 5 

Attributes: 
0 ; 2 ; 

Adjacency: 
-1 ; 1 ; -1 ; -1 ; 0 ; -1 ; 

