Vertices in local space: 
(X : Y : Z : X normal : Y normal : Z normal) 
0.912612 ; 2.442476 ; 0.297642 ; -0.193380 ; 0.170415 ; -0.966211 
2.454256 ; 2.784435 ; 0.037132 ; -0.240469 ; 0.086180 ; -0.966824 
1.813791 ; 1.678821 ; -0.115196 ; -0.256135 ; 0.116353 ; -0.959613 
3.107176 ; 1.652902 ; -0.344032 ; -0.220908 ; 0.209887 ; -0.952443 
2.695186 ; 0.946991 ; -0.439817 ; -0.228630 ; 0.211162 ; -0.950336 
3.522030 ; 2.416396 ; -0.307139 ; -0.245351 ; 0.179350 ; -0.952700 
1.154417 ; 2.919520 ; 0.342321 ; -0.214796 ; 0.100266 ; -0.971499 
0.474797 ; 1.776654 ; 0.269106 ; -0.246051 ; 0.127939 ; -0.960776 
0.789133 ; 0.857092 ; 0.153745 ; -0.295533 ; 0.021119 ; -0.955099 
1.665344 ; 3.259448 ; 0.554950 ; -0.274239 ; -0.063905 ; -0.959536 

Indices: 
0 ; 1 ; 2 
3 ; 2 ; 1 
4 ; 2 ; 3 
5 ; 3 ; 1 
6 ; 1 ; 0 
7 ; 0 ; 2 
8 ; 7 ; 2 
2 ; 4 ; 8 
0 ; 7 ; 6 
9 ; 1 ; 6 

Attributes: 
0 ; 0 ; 0 ; 0 ; 0 ; 0 ; 0 ; 0 ; 0 ; 0 ; 

Adjacency: 
4 ; 1 ; 5 ; 2 ; 0 ; 3 ; 7 ; 1 ; -1 ; -1 ; 1 ; -1 ; -1 ; 0 ; 8 ; 8 ; 0 ; 6 ; -1 ; 5 ; 7 ; 2 ; -1 ; 6 ; 5 ; -1 ; 4 ; -1 ; -1 ; -1 ; 

